1663706474100 6928.48828125 0
1663706611135 3156.47802734375 1
1663706616063 2388.9990234375 2
1663706620864 2031.7359619140625 3
1663706625642 2194.917236328125 4
1663706631317 3470.468505859375 5
1663706743678 2354.470703125 6
1663706749069 2752.39990234375 7
1663706754577 1623.230712890625 8
1663706759975 2235.17529296875 9
1663706765190 1547.1884765625 10
1663706870253 1454.9478759765625 11
1663706875701 1724.7327880859375 12
1663706881410 1517.18505859375 13
1663706886802 2089.418212890625 14
1663706892640 1240.8536376953125 15
1663706998747 1470.6474609375 16
1663707004506 1367.879638671875 17
1663707010415 2007.75341796875 18
1663707016759 1155.609130859375 19
1663707021957 1305.9385986328125 20
1663707127323 1240.220458984375 21
1663707133166 971.3721313476562 22
1663707138552 1075.9193115234375 23
1663707144219 1525.0556640625 24
1663707149782 1110.1142578125 25
1663707252642 1109.191162109375 26
1663707257565 1044.84619140625 27
1663707262375 909.3040771484375 28
1663707267154 943.3905029296875 29
1663707271862 1127.8077392578125 30
1663707366266 822.5675048828125 31
1663707371155 825.1923828125 32
1663707376570 860.633544921875 33
1663707384032 833.4661254882812 34
1663707389925 1281.48291015625 35
1663707534078 988.99560546875 36
1663707539899 1271.36083984375 37
1663707548649 776.3353271484375 38
1663707556127 790.193359375 39
1663707562076 761.334716796875 40
1663707670789 1137.902587890625 41
1663707676176 769.8632202148438 42
1663707681524 1004.828369140625 43
1663707686915 895.4883422851562 44
1663707692426 1130.069580078125 45
1663707839885 834.1141967773438 46
1663707845315 976.0208129882812 47
1663707850413 783.8844604492188 48
1663707855879 816.3082275390625 49
1663707861688 1090.551513671875 50
1663707966522 1045.7252197265625 51
1663707971872 1327.3251953125 52
1663707977686 1082.6666259765625 53
1663707982980 1216.689453125 54
1663707988858 993.0247802734375 55
1663708095163 1014.16455078125 56
1663708101396 1018.3599853515625 57
1663708106418 1350.372314453125 58
1663708111183 800.56396484375 59
1663708116096 710.4392700195312 60
1663708212951 858.5704345703125 61
1663708218088 806.5889892578125 62
1663708223557 814.0245971679688 63
1663708229042 929.92041015625 64
1663708234362 763.6743774414062 65
1663708336631 808.71484375 66
1663708341998 720.5112915039062 67
1663708347100 718.8348388671875 68
1663708352658 701.0004272460938 69
1663708358297 686.573486328125 70
1663708461429 614.369384765625 71
1663708466269 917.3602294921875 72
1663708471233 676.37841796875 73
1663708476590 641.3818969726562 74
1663708481682 652.6834106445312 75
1663708578892 651.5474243164062 76
1663708584553 1169.530517578125 77
1663708589791 745.52734375 78
1663708595592 618.693115234375 79
1663708601683 667.9757690429688 80
1663708706913 689.3164672851562 81
1663708711771 691.2282104492188 82
1663708716767 588.27978515625 83
1663708721579 634.0197143554688 84
1663708728688 885.5980224609375 85
1663708840219 881.29248046875 86
1663708845563 755.2608642578125 87
1663708851417 1129.2188720703125 88
1663708856782 1394.224853515625 89
1663708862167 793.8902587890625 90
1663708963885 1047.5474853515625 91
1663708969537 683.2258911132812 92
1663708975672 815.8295288085938 93
1663708981107 826.554931640625 94
1663708986386 786.7595825195312 95
1663709090638 757.0655517578125 96
1663709096008 912.09716796875 97
1663709102207 668.4116821289062 98
1663709107860 1030.6575927734375 99
