1663706474122 1.2838988304138184 0
1663706611136 1.561203122138977 1
1663706616143 1.3695282936096191 2
1663706620866 1.686516523361206 3
1663706625644 2.3826732635498047 4
1663706631319 1.539930820465088 5
1663706743680 1.5317426919937134 6
1663706749071 1.5992323160171509 7
1663706754580 1.5551884174346924 8
1663706759977 1.9510924816131592 9
1663706765196 2.7748966217041016 10
1663706870255 2.7441518306732178 11
1663706875703 2.4848732948303223 12
1663706881414 2.738382577896118 13
1663706886805 2.9543707370758057 14
1663706892644 3.15872859954834 15
1663706998750 3.8578786849975586 16
1663707004508 4.089599609375 17
1663707010418 4.415605068206787 18
1663707016761 6.164660453796387 19
1663707021960 5.729531764984131 20
1663707127326 5.713237285614014 21
1663707133174 6.188009262084961 22
1663707138554 6.245720386505127 23
1663707144221 8.594503402709961 24
1663707149784 10.367415428161621 25
1663707252645 7.7000017166137695 26
1663707257573 7.6011528968811035 27
1663707262377 8.504010200500488 28
1663707267159 8.314057350158691 29
1663707271863 11.166336059570312 30
1663707366267 9.896166801452637 31
1663707371167 10.47890567779541 32
1663707376572 12.466623306274414 33
1663707384035 17.595703125 34
1663707389927 18.9008731842041 35
1663707534080 16.42969512939453 36
1663707539902 14.947824478149414 37
1663707548652 17.338769912719727 38
1663707556129 19.306472778320312 39
1663707562078 17.16836929321289 40
1663707670791 18.086885452270508 41
1663707676178 18.982803344726562 42
1663707681526 10.953927993774414 43
1663707686918 9.658896446228027 44
1663707692429 10.169849395751953 45
1663707839900 19.693124771118164 46
1663707845317 21.843486785888672 47
1663707850416 21.6888427734375 48
1663707855881 21.2593994140625 49
1663707861691 20.895790100097656 50
1663707966525 22.595420837402344 51
1663707971875 28.521617889404297 52
1663707977689 23.47205924987793 53
1663707982982 20.91119956970215 54
1663707988860 20.943220138549805 55
1663708095165 20.139564514160156 56
1663708101398 18.22325325012207 57
1663708106420 26.64873695373535 58
1663708111185 24.764009475708008 59
1663708116098 22.99074935913086 60
1663708212955 16.97682762145996 61
1663708218091 15.911683082580566 62
1663708223559 14.493210792541504 63
1663708229044 17.52747344970703 64
1663708234364 12.671205520629883 65
1663708336634 15.783012390136719 66
1663708342000 13.819402694702148 67
1663708347103 16.23426628112793 68
1663708352664 16.249128341674805 69
1663708358299 18.85109519958496 70
1663708461431 15.135321617126465 71
1663708466272 15.472661972045898 72
1663708471236 18.90802574157715 73
1663708476599 22.520984649658203 74
1663708481684 27.8497314453125 75
1663708578894 27.997940063476562 76
1663708584556 17.42278289794922 77
1663708589793 21.389911651611328 78
1663708595595 16.34131622314453 79
1663708601686 27.213298797607422 80
1663708706930 21.727428436279297 81
1663708711773 21.299785614013672 82
1663708716776 23.892044067382812 83
1663708721582 16.263389587402344 84
1663708728690 23.314529418945312 85
1663708840221 18.562297821044922 86
1663708845566 16.1473331451416 87
1663708851419 14.450679779052734 88
1663708856785 17.076351165771484 89
1663708862169 18.316110610961914 90
1663708963887 16.648868560791016 91
1663708969540 22.840898513793945 92
1663708975674 21.570377349853516 93
1663708981109 18.19786834716797 94
1663708986388 17.61502456665039 95
1663709090641 20.510520935058594 96
1663709096011 23.3605899810791 97
1663709102210 30.056262969970703 98
1663709107864 23.71010398864746 99
